820553731
123456799
99999999
72177217
26780067
26780071
26780080
26780083
26780091
188888889
165374885
417147016
165369015
165377088
417149788
417149787
417149786
417149785
417149784
165377086
417149778
417149779
417149780
24454342
24454352
24454351
24454345
88877777
24454349
165374378
417153803
417153817
165380065
165380064
165380063
417154975
165380062
417155565
417155564
165380573
417155563
417155561
51592961
165380826
417162969
165389150
165389151
417162973
417167280
417164435
165396950
165396682
165397311
417165917
165392900
165292899
439000438
165403058
165405507
165405504
165402048
165407088
417176937
165412755
439015792
439015984
439016036
417181427
439019243
439020626
439020625
439028268
439022021
439035218
439040186
439043578
439047486
439047481
165420153
439047469
165423054
165423052
439055425
417186328
439055424
417186327
417186326
165426364